-4.735099338
11.53599658
8.224738304
10.36317026
8.720358898
2.659688101
26.31061739
3.94573809
27.79961547
5.896176031
5.334330271
10.23285623
-4.819483016
-3.930784021
-0.284127323
16.78273873
3.231147191
3.450117496
29.06537065
1.013672292
28.45866268
4.738303781
7.094637898
7.840205084
0.461439863
0.607776116
20.87054048
16.29459517
13.95001068
14.01837214
7.752616962
3.08374279
19.93377483
6.017944884
29.85900449
-1.428113651
29.6806238
3.254646443
18.40632344
18.12753685
27.52189703
13.91369366
12.77077548
14.32493057
-3.875240333
26.30527665
11.5990173
12.97585986
20.2948088
16.81798761
5.8374279
18.43302713
-2.082888272
16.44840846
10.99444563
26.15466781
9.149754326
22.64473403
3.508865627
7.99508652
-2.587054048
15.65797906
-1.456953642
-1.806237983
23.3272805
6.15253151
-0.938901944
5.511642811
25.14419996
23.25464644
18.52702414
19.51185644
-3.205511643
4.793847468
12.07434309
11.43665883
7.141636402
23.93505661
23.47788934
22.65114292
26.51249733
8.924375134
-2.209997864
-3.879512925
-0.863063448
20.1741081
21.96752831
3.904080325
22.5635548
-3.607135228
23.34223457
1.111941893
22.637257
-1.000854518
3.278145695
4.312112796
10.17090365
6.510361034
10.86092715
-0.154881436
27.86584063
8.151036103
23.94787439
25.02883999
-1.414227729
8.384960479
27.45353557
7.696005127
18.59859004
26.5990173
1.179235206
17.07113865
11.84362316
18.64024781
2.060457167
21.41636402
23.85494552
14.45097201
18.14569536
15.4422132
1.402478103
13.50032044
24.1871395
-2.057252724
21.47404401
2.23136082
21.14719077
-2.376628925
25.66011536
20.26276437
-0.496688742
12.58491775
23.56654561
9.531083102
28.66054262
26.44734031
-3.67015595
3.129673147
27.33497116
1.57124546
8.834650716
3.031403546
12.25379192
12.34351634
6.716513565
-1.57124546
-4.995727409
-1.000854518
16.77419355
-1.085238197
9.382610553
4.959410382
16.84041871
9.203161718
-0.922879727
28.13074129
18.74919889
29.63576159
13.0549028
-0.842768639
15.45503098
9.167912839
18.45652638
-2.919248024
20.93676565
10.07263405
23.3764153
25.38453322
28.93398846
21.06173894
29.36338389
18.87951292
14.15829951
28.06131169
15.96560564
-0.58107242
12.03054903
24.35270241
2.198248238
0.896176031
15.57145909
9.289681692
2.248451186
-3.506729331
5.515915403
7.332834864
25.2723777
8.659474471
27.25272378
16.58406323
6.628925443
4.786370434
0.690023499
23.58256783
-4.598376415
4.033326212
16.63533433
28.54945524
-4.473403119
-1.702627644
0.770134587
7.808160649
-4.598376415
7.775048067
23.84426405
2.608417005
3.299508652
14.09314249
-0.851313822
16.0585345
28.43516343
21.4761803
10.88976714
12.39799188
0.033112583
23.92437513
14.53535569
15.31510361
19.24054689
23.86242256
12.74513993
4.546037172
26.21341594
20.22751549
7.964110233
27.45567186
12.24417859
6.480452895
-4.711600085
14.8280282
-0.7391583
1.490066225
-3.319803461
-2.406537065
6.535996582
13.76308481
15.13779107
3.689382611
-3.039948729
-2.997222816
14.90813929
16.79662465
22.72698141
12.45033113
16.34159368
11.15146336
2.746208075
25.97735527
26.4783166
24.17111728
16.6769921
10.40910062
-1.044648579
1.085238197
22.87011322
26.04037599
-0.653706473
3.329416791
25.10467849
4.808801538
-0.505233924
24.87075411
15.44648579
-3.892330699
1.978209784
8.233283486
18.06558428
4.687032685
23.25464644
4.41358684
16.37150182
3.631702628
6.61076693
18.40418714
18.30378124
22.87759026
-1.493270669
9.557786798
7.112796411
21.21982482
29.38901944
8.509933775
-2.509079257
2.318948943
-2.416150395
14.85793634
14.38154241
12.62871181
12.37556078
22.34138005
4.323862423
26.7464217
24.81948302
10.73061312
21.66951506
23.14142277
7.441785943
6.138645589
-0.490279855
10.737022
1.373638112
13.98419141
7.672505875
29.30677206
-2.97051912
-3.686178167
27.61803034
24.15509507
16.93548387
12.72057253
6.581926939
3.063447981
16.78060244
-3.457594531
25.81392865
25.95492416
8.295236061
20.61204871
15.24994659
15.24246956
20.05661184
-0.779747917
4.462721641
22.36381115
19.79491562
-4.445631275
27.23670156
28.4234138
9.321726127
11.31061739
4.609057894
19.44563128
-4.352702414
7.696005127
18.72569964
9.193548387
14.40504166
14.5556505
7.337107456
15.02777184
14.14654988
26.83187353
26.31595813
9.766075625
22.63832514
0.067293313
4.992522965
-4.982909635
18.72676778
29.19248024
1.693014313
8.97030549
0.866267891
7.291177099
24.29715873
4.077120273
25.92501602
3.587908567
3.170262764
2.630848109
9.333475753
27.34885708
-3.678701132
10.68895535
5.197607349
-3.060243538
24.10702841
28.30912198
22.44712668
15.74877163
-1.652424696
21.58513138
25.62593463
24.18179876
18.19910276
19.42426832
16.41315958
14.47874386
27.59559923
25.55864132
4.479812006
17.53578295
16.6502884
13.74919889
8.748130741
-1.528519547
6.824396496
11.64708396
2.678914762
25.16449477
22.21640675
16.28711814
14.66460158
6.443067721
21.82332835
26.68874172
17.11172826
29.20209357
-4.884640034
6.509292886
25.33539842
-3.893398846
20.75838496
27.25592822
4.829096347
13.1531724
0.833155309
19.98184149
8.026062807
18.76522111
25.40696432
15.96987823
-0.870540483
-1.328775903
29.7788934
24.3591113
-1.885280923
13.2738731
14.2608417
7.175817133
2.500534074
16.71330912
13.83358257
9.756462294
2.968382824
24.38047426
2.509079257
-2.992950224
6.445204016
13.05810724
4.769280068
13.49497971
-2.286904508
5.440076907
3.892330699
7.816705832
-1.819055757
3.222602008
24.54069643
9.225592822
12.86690878
10.50843837
14.4328135
-3.013245033
24.21704764
21.72826319
7.452467421
10.4197821
-1.151463363
5.801110874
18.03994873
15.11108737
-4.204229865
5.757316813
9.203161718
3.24610126
27.37235633
0.535142064
13.99380474
18.55479598
6.226233711
-1.820123905
17.80068361
23.81221961
24.70198675
7.149113437
-3.707541124
1.386455885
5.076906644
4.959410382
-3.64024781
29.78850673
16.79235206
5.883358257
24.89638966
26.68980987
19.25336467
-3.079470199
17.76757103
21.40140996
11.29886776
18.75347148
3.815424055
17.24311045
10.94424268
20.91433454
1.224097415
26.81051057
6.464430677
12.88506729
6.108737449
5.58107242
2.449262978
0.334330271
-4.335612049
21.84789575
21.88314463
18.23114719
25.72420423
3.426618244
12.87652211
-4.973296304
-4.949797052
29.14120914
11.13010041
4.66032899
-3.762016663
15.50202948
16.71651357
10.56398206
20.53727836
11.61183508
6.286049989
8.4234138
6.459089938
22.70668661
29.29074984
21.8959624
14.51612903
15.34501175
4.309976501
17.99295022
12.90643025
4.682760094
4.077120273
1.380046999
1.533860286
1.832941679
15.30976287
4.273659474
29.16684469
1.745353557
-3.089083529
21.18457595
26.08951079
-0.397350993
27.67784661
25.20187994
22.12240974
6.190984832
2.055116428
10.06195257
7.292245247
15.20615253
-4.903866695
19.69878231
5.061952574
-2.01986755
20.15167699
4.503311258
0.413373211
18.58897671
20.43580432
26.02008118
12.65755181
19.80025636
8.04422132
19.26938688
25.30121769
2.846613971
1.505020295
19.46272164
27.81884213
11.49220252
25.48173467
27.28263192
21.6727195
13.33796197
-1.30527665
-0.536210211
0.425122837
-1.132236702
18.68724631
13.91582995
1.283913694
6.180303354
29.48835719
11.05746635
27.9320658
6.885280923
10.80965606
0.638752403
11.97286905
26.12796411
24.84298227
-4.282204657
-2.150181585
12.21320231
-0.750907926
3.047425764
18.57402264
3.806878872
17.4610126
-3.426618244
22.10104678
5.160222175
14.85473189
28.26532792
15.7145909
12.34992523
1.919461653
17.99829096
18.24716941
20.98803674
27.99722282
6.717581713
22.48344371
3.378551592
26.68553728
29.57594531
12.59773553
0.588549455
16.51997436
8.292031617
28.96923734
2.386242256
27.99829096
9.436017945
10.19226661
5.550096133
20.56398206
7.85729545
-0.318308054
28.47788934
0.63554796
26.97820978
26.6502884
17.5881222
9.268318735
5.171971801
3.848536637
18.48750267
15.55223243
14.9487289
1.903439436
22.34885708
14.33774834
9.156163213
17.57530442
0.484939116
14.38261055
0.918607135
15.80751976
27.59880367
5.500961333
26.54881436
27.89254433
26.63960692
10.83635975
28.11685537
0.61098056
15.78295236
-2.174748985
19.93270669
18.67442854
5.464644307
-1.041444136
10.63982055
0.322580645
5.955992309
5.927152318
10.13565477
13.42875454
28.4458449
23.26212348
13.05383465
-3.067720573
15.09292886
20.03524888
8.011108737
-0.029908139
1.028626362
25.74236274
9.350566118
3.523819697
23.7694937
3.943601794
20.58854946
16.95791498
12.99935911
29.76500748
-3.708609272
4.25122837
16.22409742
19.84298227
26.60008545
17.31467635
13.22046571
-4.174321726
6.117282632
21.19312113
24.79064302
25.00747703
26.38325144
-1.476180303
13.75988037
14.1892758
18.6445204
28.08801538
3.706472976
5.378124332
26.1589404
14.79171117
18.38282418
29.39649648
17.72591327
25.93462935
22.29651784
26.0093997
26.68553728
1.092715232
25.42619098
6.656697287
17.09143345
0.476393933
7.530442213
23.39136937
16.2817774
4.091006195
0.038453322
15.10467849
20.56398206
6.555223243
15.95919675
4.650715659
3.232215339
14.92522965
25.81179235
17.94274728
21.64708396
29.34308908
20.02029481
23.62956633
17.56675924
-1.115146336
5.762657552
-0.554368725
7.491988891
7.440717795
13.72249519
3.821832942
12.20465712
16.94936979
-2.279427473
8.852809229
2.237769707
17.87118137
17.70668661
3.214056825
13.49284341
19.20529801
29.05896176
16.12903226
9.723349712
27.92352062
18.67549669
10.97094638
-3.900875881
10.14099551
20.82461013
-0.401623585
-4.421063875
18.88805811
18.20657979
11.01687674
7.296517838
25.81392865
-3.770561846
20.45930357
13.6936552
26.66417432
15.93142491
-2.518692587
15.60884426
27.89361248
13.53129673
4.166844691
22.04763939
29.23520615
-2.904293954
12.02734458
8.843195898
29.58128605
-1.73894467
-1.297799615
17.93740654
-3.974578082
29.49690237
28.04849391
26.49220252
-1.603289895
-0.133518479
-0.298013245
2.556077761
29.13693655
14.78316599
-3.262123478
21.50608844
25.85879086
-2.311471908
7.47276223
19.96581927
1.445204016
4.150822474
20.0512711
6.450544755
29.0130314
26.34693442
0.87694937
25.43153172
21.58833583
28.38923307
20.51271096
29.03653066
-1.141850032
25.47532579
3.097628712
3.137150182
10.81392865
2.32001709
27.93099765
12.00918607
25.64302499
8.850672933
29.27045503
18.28348643
1.717581713
18.61247597
-2.038026063
17.44285409
-3.978850673
27.88613544
20.99658193
28.53984191
3.844264046
15.95278787
2.564622944
25.38026063
12.11172826
-0.499893185
12.73445845
14.88998077
-3.830378124
11.61610767
22.32108524
-3.133945738
27.39906003
28.36680197
5.054475539
11.85216834
11.45588549
23.39350566
5.638752403
11.34800256
29.53962828
-1.468703269
-0.217902158
2.061525315
-2.520828883
-4.103823969
19.82268746
23.45225379
0.021362957
9.412518693
22.00277718
25.23819697
15.13992737
11.25400555
4.02478103
9.1380047
0.714590899
11.17069002
23.95428327
11.52317881
3.439436018
14.15723136
-0.928220466
11.22516556
2.280495621
4.449903867
20.78508866
4.20209357
21.34052553
-3.700064089
14.15829951
14.29609058
14.47233497
-0.491348003
3.192693869
1.785943175
21.48899808
10.18692587
20.42405469
-1.030762658
28.2984405
14.70625935
11.93655202
14.47981201
-4.173253578
12.3136082
1.404614399
0.559709464
15.06515702
9.378337962
24.22345653
20.0224311
3.071993164
25.73168126
25.35462508
-2.903225806
17.30185858
-3.915829951
1.964323862
28.90194403
8.071993164
26.97607349
24.44563128
11.73680837
16.54347362
17.22602008
-3.078402051
13.94360179
23.03140355
12.37342448
15.8395642
9.527878658
-1.99530015
21.04358043
-2.287972655
19.27579577
25.62273019
-1.265755181
29.64323862
8.575090793
2.124546037
21.98889126
8.695791498
28.67229225
3.963896603
28.40311899
23.72569964
20.56077761
22.97799615
20.4689169
10.74236274
13.25891903
23.47682119
3.691518906
-4.577013459
-4.35483871
-1.427045503
-3.031403546
13.85814997
18.61568041
0.61098056
15.69429609
10.11001923
16.75176244
-1.979277932
15.54902799
26.70903653
11.23157445
23.45973083
12.4652852
6.648152104
8.208716086
10.57359539
16.71117283
12.99829096
9.348429823
29.22879727
-3.420209357
9.712668233
8.785515915
1.544541765
-0.351420637
9.732963042
8.175603504
28.59859004
17.0700705
13.988464
29.09421064
25.10361034
-1.130100406
22.36167486
14.47981201
1.953642384
25.72847682
-4.752189703
18.35825678
8.939329203
-4.813074129
11.77846614
15.54689169
27.49305704
17.79427473
13.29950865
10.57466353
15.8107242
6.095919675
8.220465712
22.52830592
11.19739372
2.013458663
21.80837428
-4.961546678
1.95577868
5.512710959
2.023071993
13.14889981
-1.302072207
10.07049776
15
1.243324076
17.39051485
22.90215766
-3.74385815
18.80260628
19.00128178
5.397350993
21.23157445
13.15958129
8.07412946
1.770989105
11.23905148
6.012604144
20.09292886
6.356547746
13.44264046
27.88720359
24.95513779
12.54112369
5.92608417
7.274086734
1.422772912
3.799401837
16.4783166
13.67976928
-0.116428114
14.79171117
-3.835718863
11.26789148
28.25891903
23.00256355
26.29032258
12.35419782
-1.588335826
8.883785516
19.84084597
-2.550737022
22.91177099
14.97222816
21.00833155
1.062807093
4.456312754
16.95364238
18.88058107
10.01709037
-2.149113437
-2.869045076
28.8923307
3.445844905
6.841486862
-1.713309122
23.14249092
26.24759667
-4.323862423
23.37748344
8.154240547
-4.840845973
2.720572527
14.06323435
6.181371502
4.214911344
15.97842341
18.51420637
28.65840632
23.77697073
22.86584063
11.4761803
7.877590258
4.876094852
-0.933561205
2.061525315
20.49562059
18.06878872
3.836787011
-2.76863918
-1.043580432
3.538773766
6.575518052
1.440931425
-0.567186499
21.65456099
-2.973723563
5.415509507
12.37022004
20.70284127
3.94573809
4.530014954
-0.7637257
11.02542192
14.57594531
-0.254219184
16.56163213
12.26767785
14.77782525
21.60008545
25.87267678
-2.045503098
2.164067507
25.18692587
20.60136723
9.132663961
17.06472976
11.62144841
-1.421704764
-3.731040376
8.686178167
13.94787439
26.19525742
16.15359966
1.29566332
22.95022431
27.81777398
28.00149541
27.78572954
15.85665456
1.5765862
20.48493912
15.43900876
23.38389233
15.0961333
28.91903439
1.277504807
13.1040376
17.26767785
4.297158727
21.79342021
14.59730827
9.66994232
3.42875454
19.44242683
19.36231574
18.71181372
-3.136082034
20.72313608
10.94958342
27.11172826
8.850672933
18.19162572
8.286690878
5.787224952
26.02755821
21.25934629
22.66930143
29.76714377
4.071779534
23.10937834
21.380047
24.19782098
4.037598804
-1.417432173
8.409527879
-0.929288614
17.57316813
-4.626148259
0.243537706
3.726767785
2.76863918
13.38175604
7.187566759
29.75646229
4.830164495
14.55244606
8.198034608
3.380687887
8.308053835
3.076265755
29.68916898
25.91860714
25.09720145
28.25998718
1.277504807
23.39991455
29.92309336
14.9284341
23.95001068
13.97137364
2.547532579
8.709677419
23.60072634
14.1380047
3.393505661
6.022217475
20.42085025
22.46955779
16.81585131
26.13330485
22.117069
11.83614612
13.73958556
15.11749626
1.396069216
18.80581072
2.886135441
29.06537065
15.73061312
16.24973296
-2.702414014
6.380046999
19.82482376
7.788933988
15.38026063
-3.484298227
23.7940611
-4.839777825
8.194830164
14.99038667
7.490920743
12.08929716
7.201452681
7.018799402
-1.024353771
15.77333903
-0.816064943
-0.37919248
7.57637257
4.565263833
-2.431104465
14.53749199
9.51719718
12.96304209
26.86284982
-3.206579791
26.59260842
2.462080752
-0.583208716
-3.731040376
5.839564196
-0.577867977
6.25614185
17.10745567
-4.313180944
8.485366375
21.16962188
17.30719932
11.55095065
17.67250587
29.79277932
-1.653492843
16.33304849
8.750267037
2.898953215
2.184362316
3.811151463
8.942533647
25.63020722
25.46357616
15.37812433
27.60734886
1.847895749
18.29309977
8.08374279
18.94039735
15.38239692
12.42362743
-0.511642811
29.33881649
-2.66502884
21.17603076
22.25058748
5.479598376
26.2059389
0.95065157
-1.049989319
16.73680837
15.02883999
6.694082461
15.11001923
18.0036317
7.256996368
26.12155522
15.85879086
11.54881436
10.60243538
10.07477035
-0.74877163
13.96069216
-4.454176458
3.848536637
11.66951506
21.80516984
2.762230293
21.82012391
3.298440504
12.07113865
6.139713736
25.23926511
4.140140996
-3.986327708
0.648365734
-4.491561632
13.53022858
22.46635334
-3.245033113
7.820978423
28.63277078
9.239478744
5.61098056
17.4610126
24.8750267
-1.308481094
11.72826319
-1.348002564
-1.201666311
16.05105747
17.3648793
8.2760094
26.28711814
21.60542619
15.34501175
9.298226875
26.64281137
10.34287545
9.515060884
6.262550737
25.48921171
15.13031404
9.568468276
12.68852809
11.94830164
-2.961973937
14.4595172
17.71843623
8.091219825
8.894466994
16.11621448
-3.153172399
6.091647084
20.6633198
2.669301431
29.10596026
6.092715232
2.74407178
27.93313395
5.499893185
20.22431104
5.790429395
11.33518479
6.094851527
-4.250160222
28.12753685
0.028839991
25.55116428
12.82845546
4.371929075
-2.598803674
19.47874386
9.821619312
21.35761589
19.69450972
1.440931425
21.65776543
9.930570391
9.962614826
7.965178381
9.189275796
-1.250801111
26.08630634
11.37897885
20.03631703
3.64024781
17.04443495
17.84981841
3.85708182
8.634907071
24.19782098
10.44328135
22.55073702
22.27088229
16.75603504
9.554582354
3.319803461
0.24140141
23.19589831
15.5650502
20.10467849
3.011108737
12.81243324
1.047853023
6.311685537
29.46165349
14.1380047
-2.614825892
24.35377056
0.17731254
29.44669942
23.13608203
29.9241615
-3.51741081
22.05938902
3.982055116
11.51142918
3.776970733
25.67613758
26.63212989
3.100833155
0.308694723
22.4385815
26.4783166
10.53727836
24.96154668
23.96176031
21.39927366
14.51826533
15.13672292
2.035889767
26.51676992
20.69109165
28.3518479
-1.766716514
27.26874599
4.817346721
8.621021149
24.1155736
20.62700278
3.469344157
26.23584704
11.29352702
11.83080538
23.23755608
12.01559496
18.02499466
11.44306772
18.91262551
19.64644307
6.592608417
25.10681478
-1.395001068
2.179021577
28.16705832
10.81926939
16.28818628
-3.696859645
24.38154241
6.087374493
4.707327494
15.46571245
12.33497116
14.8013245
14.15189062
20.44755394
2.239906003
-3.845332194
5.037385174
3.484298227
29.4349498
0.489211707
4.778893399
29.52894681
-0.020294809
24.37192907
21.91839351
25.737022
11.56483657
14.76714377
2.972655416
2.788933988
8.920102542
14.65178381
29.99145482
9.127323222
-4.511856441
4.901730399
29.25016022
11.70796838
10.53941465
29.8034608
29.09848323
19.35483871
8.471480453
21.03289895
27.39585559
12.32642598
4.506515702
12.44499039
16.51890622
29.16791284
28.49818415
20.51911985
-3.597521897
9.449903867
6.076693014
2.798547319
-1.405682546
23.50352489
18.85387738
9.176458022
21.7752617
-2.284768212
12.87759026
28.36252937
6.726126896
21.50395215
2.103183081
29.38047426
-3.787652211
29.54924162
11.05319376
15.4443495
12.74300363
15.39414655
-1.581926939
-4.957274087
9.674214911
24.98397778
20.79577013
2.590258492
23.64772485
1.252937407
3.298440504
3.475753044
8.802606281
23.36146123
6.247596667
25.87054048
5.742362743
-3.357188635
4.661397137
4.1134373
20.7412946
1.905575732
-0.223242897
26.04892117
23.12112796
10.12604144
4.302499466
14.12411878
-3.687246315
-3.825037385
20.63234352
22.62871181
-4.463789789
-2.353129673
8.740653706
5.884426405
7.581713309
-2.618030335
-2.031617176
29.76500748
20.65797906
15.79790643
24.43067721
26.34266182
29.78423414
11.59367656
13.2493057
29.06323435
0.680410169
11.95364238
22.35099338
23.24076052
7.637256996
0.807519761
22.02414014
-0.755180517
8.327280496
21.28391369
11.97286905
8.224738304
-3.973509934
20.90258492
0.081179235
2.691732536
27.22174749
0.640888699
14.59837642
-3.17239906
25.05874813
-3.546250801
23.97778253
13.85814997
11.62465285
-0.679342021
6.073488571
5.318308054
4.497970519
7.447126682
5.932493057
14.57380902
20.56932279
1.695150609
3.878444777
-0.565050203
17.57744072
2.838068789
28.11899167
6.201666311
6.345866268
1.733603931
18.59645375
4.992522965
24.17752617
26.01260414
16.29993591
8.690450758
27.37876522
29.37833796
9.746848964
-4.638966033
23.38816492
7.102114933
12.86797693
11.48258919
10.46784875
23.81542405
21.00619526
10.82247383
10.43900876
-2.810296945
-0.755180517
16.31702628
7.415082247
8.604998932
4.794915616
19.79705191
8.014313181
4.382610553
2.653279214
-3.111514634
1.016876736
8.698995941
1.244392224
11.95471053
-3.069856868
26.75923948
-2.722708823
20.39841914
-4.563127537
24.32386242
6.530655843
8.192693869
26.19525742
2.193975646
19.78209784
5.96560564
5.95065157
26.74001282
20.59923093
22.49198889
12.44392224
25.05874813
9.222388379
29.9262978
18.06772057
10.88335826
29.24588763
10.64195685
-1.252937407
24.79598376
1.317026276
22.99401837
21.02649007
-0.123905148
25.58641316
15.85772271
-2.205725272
26.36402478
12.10104678
14.30890835
10.66759239
1.413159581
0.894039735
21.24973296
14.45204016
12.56996368
-4.047212134
12.35633412
-3.319803461
21.02221747
9.817346721
-0.818201239
2.693868831
18.25998718
18.00042726
12.75368511
14.21811579
27.20038453
29.96795557
17.50801111
1.918393506
1.398205512
10.88976714
27.92352062
-0.098269601
8.427686392
0.882290109
17.66823328
-2.375560778
16.01687674
25.95065157
-1.366161077
22.18649861
17.05404828
7.369151891
-0.324716941
-3.529160436
22.03588977
-1.291390728
7.419354839
26.10873745
25.06195257
12.21854305
18.97030549
0.714590899
-3.033539842
8.802606281
23.87096774
2.405468917
11.69515061
13.29203162
-4.852595599
22.01452681
-0.515915403
19.24695578
21.80303354
21.01794488
2.983336894
29.98931852
-2.431104465
29.61653493
9.877162999
5.098269601
13.3027131
23.95107883
28.12005982
24.08780175
27.83593249
7.912839137
2.369151891
16.47190771
-0.359965819
7.528305918
27.72270882
-0.044862209
-0.85238197
18.37534715
4.323862423
0.949583422
14.0664388
-0.99017304
28.97778253
4.145481735
17.5368511
20.86519974
2.313608203
15.35676138
11.4783166
2.589190344
27.64580218
24.35483871
19.96475112
14.31104465
10.0715659
21.91198462
24.96581927
19.76393933
-3.050630207
-2.23136082
29.31318094
6.777397992
18.31446272
3.755607776
29.22345653
4.079256569
23.34009827
-1.227301859
11.22943815
24.88891263
1.443067721
14.85686819
0.849177526
-4.744712668
9.12305063
11.04678488
-2.135227515
22.64259774
16.11621448
24.28113651
0.511642811
12.67784661
26.98248238
19.02264473
23.47682119
4.593035676
6.697286905
9.851527451
-3.011108737
23.27173681
-3.641315958
-1.270027772
11.90771203
13.40952788
17.5859859
21.17175817
28.09121982
18.74385815
11.71758171
18.01217689
0.943174535
16.80944243
7.405468917
2.030549028
-1.552018799
27.21106601
27.67784661
26.1098056
3.544114505
8.864558855
0.087588122
2.175817133
24.1871395
24.18820765
21.03183081
-2.372356334
-4.055757317
10.69109165
12.81991028
8.471480453
29.46272164
22.96411023
-0.373851741
10.88229011
-2.35953856
5.499893185
5.864131596
25.42191839
29.88464003
29.34736167
-1.873531297
15.60563982
-1.758171331
18.03888058
29.25977355
20.07263405
17.80816065
0.786156804
25.65691092
25.03952147
11.20380261
23.39350566
6.398205512
11.29139073
9.50224311
19.86541337
0.299081393
-2.597735527
9.42854091
0.175176244
29.47340312
23.4212775
9.188207648
17.17474899
20.49989319
1.728263192
22.75261696
23.08160649
11.80089724
9.301431318
29.96475112
23.56013672
28.31125828
3.079470199
12.29438154
9.821619312
27.02414014
22.67677847
-3.406323435
6.73894467
19.54176458
2.137363811
11.69301431
-2.566759239
5.180516984
9.971160009
20.17838069
27.30292673
-4.237342448
4.168980987
10.20722068
2.964110233
10.65904721
26.44093142
29.69237342
14.08139286
8.19696646
27.36594745
-2.302926725
28.53022858
17.01773125
1.701559496
20.40803247
-1.106601154
13.47682119
10.55650502
-3.515274514
0.743430891
18.68617817
-0.366374706
9.189275796
5.667592395
-3.715018159
5.299081393
10.07797479
29.5332194
24.54069643
27.65221107
11.6524247
13.93612476
8.864558855
22.34672079
28.77590258
6.315958129
3.348643452
25.36744285
6.215552232
-3.295236061
22.40546892
22.48558
22.15659047
11.56590472
26.10126041
-2.391582995
25.01495407
-2.292245247
10.30442213
16.74962615
23.4234138
26.73894467
10.20187994
11.8243965
21.69621876
3.015381329
18.30912198
-3.989532151
25.64516129
0.584276864
10.55009613
24.86541337
6.083101901
27.0433668
11.51783807
4.945524461
4.850459304
24.83550523
7.484511856
29.13052767
25.72313608
27.91283914
23.27921384
10.37171545
0.020294809
24.25443281
-3.390301218
28.09762871
29.30143132
2.201452681
10.94103824
18.96710105
4.932706687
11.07882931
-4.504379406
16.22730186
-3.065584277
14.07071139
13.50032044
24.35483871
21.89916684
28.82503739
2.251655629
-1.764580218
22.34565264
18.74813074
16.10446486
28.57188635
-2.632984405
-4.534287545
10.97308267
12.75154881
-3.10831019
5.40910062
11.44093142
-2.095706046
24.40717795
6.001922666
14.06964324
20.34180731
15.49989319
4.421063875
13.00256355
-1.887417219
7.056184576
9.385814997
26.46229438
5.910061953
-0.553300577
28.96176031
20.22003845
19.00769066
11.56270028
14.83123264
26.65562914
15.48173467
6.032898953
21.01580859
5.473189489
13.42234565
9.47767571
22.50160222
24.69344157
22.34992523
0.122837001
11.74962615
27.98547319
10.55650502
27.64687033
28.56227302
11.97500534
7.604144414
-2.433240761
6.252937407
19.57274087
23.68190558
5.057679983
-0.37919248
2.959837642
10.03738517
20.49027985
12.66289254
12.29224525
-2.764366588
21.5787225
26.53065584
28.74065371
5.414441359
4.459517197
5.657979064
2.94595172
3.292031617
23.55372784
27.57530442
12.49092074
0.133518479
7.534714805
-0.66972869
14.47340312
22.39265114
26.29139073
16.02969451
16.78914762
24.24802393
21.17603076
19.43174535
4.206366161
8.762016663
23.41807306
22.09036531
22.82311472
23.8677633
13.04101688
9.994659261
4.014099551
29.90707114
23.10724204
19.18820765
11.45588549
2.942747276
26.65883358
24.32920316
2.308267464
25.56825465
1.184575945
29.66566973
-3.819696646
29.4103824
22.96304209
0.389873959
22.93420209
26.07242042
16.11194189
24.84298227
7.94595172
0.722067934
23.71501816
-4.469130528
15.92501602
25.03952147
-4.163640248
4.444563128
-3.151036103
8.751335185
-3.203375347
5.616321299
15.15060884
-3.528092288
1.528519547
10.41550951
0.715659047
9.063234352
8.379619739
-1.475112156
2.81777398
21.22837001
23.18308054
5.095065157
20.54795984
19.57487716
11.96218757
22.01452681
5.865199744
-2.149113437
7.096774194
-1.215552232
22.84554582
8.575090793
9.296090579
0.972014527
4.219183935
22.79000214
10.23285623
6.678060244
-1.19205298
-2.86690878
23.17239906
29.03653066
0.933561205
4.987182226
26.44199957
10.16663106
10.40910062
25.87267678
22.09143345
-0.412305063
9.199957274
19.84832301
9.573809015
27.52937407
13.34543901
21.12155522
6.808374279
11.12796411
26.23798334
2.574236274
23.45439009
13.98419141
16.85750908
15.44862209
13.74813074
7.017731254
29.05041658
5.883358257
28.74385815
11.12796411
20.43580432
22.55394147
0.299081393
14.60158086
27.06579791
7.09356975
6.663106174
20.74236274
7.388378552
21.55522324
-3.017517624
3.70433668
-3.351847896
-0.404828028
-0.395214698
22.97799615
-4.707327494
15.63554796
1.493270669
29.50544755
12.48451186
18.68617817
-1.389660329
-1.091647084
3.320871609
25.0737022
-0.381328776
29.77568896
15.84383679
-3.215124973
27.72591327
27.47596667
6.438795129
14.64323862
8.032471694
11.50502029
24.71694082
8.029267251
5.228583636
1.783806879
16.4761803
0.392010254
-1.03930784
-3.097628712
15.82567827
27.23136082
11.74321726
14.79277932
10.08117924
20.79577013
21.72933134
8.75881222
3.513138218
8.217261269
20.21149327
14.37513352
18.54411451
7.279427473
-3.826105533
25.19547105
0.499893185
1.555223243
-2.248451186
22.74620808
29.49156163
9.129459517
17.94167913
8.785515915
0.527665029
-3.372142705
29.39329203
10.27665029
15.46464431
2.760093997
20.65263833
10.05554369
17.86477248
13.10937834
8.671224097
18.67336039
19.37086093
20.37598804
19.94659261
-4.651783807
8.695791498
21.80089724
15.11963256
8.539841914
16.80196539
2.988677633
29.39970092
29.07284768
24.3836787
9.842982269
13.61888485
26.30848109
10.23606067
7.831659902
-1.684469131
5.322580645
1.604358043
15.31296731
-4.371929075
25.55116428
5.114291818
0.127109592
16.39927366
13.88058107
29.36445204
26.1813715
2.292245247
7.658619953
7.787865841
-0.75838496
15.29267251
10.57679983
7.874385815
23.65627003
29.41999573
26.90450758
10.33860286
19.21704764
16.99743645
17.0455031
29.32920316
29.89745781
24.33881649
24.87609485
-2.71416364
13.66481521
19.1647084
9.840845973
10.52659688
20.10574664
9.629352702
19.28006836
9.155095065
0.054475539
7.267677847
23.93612476
12.39371929
13.988464
18.72997223
17.13309122
17.92886135
13.35612049
23.63917966
15.5896176
21.36295663
-3.400982696
18.41166417
2.314676351
-0.631275369
29.07071139
13.39243751
9.59624012
-2.360606708
18.55479598
28.14142277
-2.49732963
27.22174749
-4.36445204
7.215338603
5.907925657
15.33860286
20.6163213
16.30527665
25.48173467
4.284340953
11.19846187
11.03717154
-4.374065371
4.491561632
12.66716514
28.3230079
4.825891903
10.35889767
14.77141636
22.56889554
16.37684256
4.939115574
12.04229865
21.61610767
-0.03952147
7.075411237
6.754966887
-0.275582141
2.050843837
22.08929716
21.24973296
2.475966674
20.5917539
19.59303568
28.84640034
25.91433454
21.93655202
9.553514206
10.05447554
9.786370434
0.516983551
25.16876736
8.31019013
7.209997864
-0.800042726
13.66374706
6.948301645
15.63020722
25.80965606
3.612475967
26.63747063
21.38966033
28.77269814
24.8525956
19.98825037
22.77291177
7.37449263
9.609057894
-2.434308908
23.85494552
-0.419782098
25.91647084
-2.990813929
9.013031404
22.88613544
21.91732536
14.49049348
-4.574877163
26.1813715
27.15659047
0.218970305
-1.580858791
-1.909848323
24.44349498
2.23136082
7.00491348
9.750053407
18.38709677
0.154881436
14.43067721
22.49839778
4.191412091
3.193762017
26.12475967
8.45332194
12.81991028
24.03332621
19.83764153
4.432813501
6.089510788
12.89468062
25.36210211
17.19611194
7.831659902
28.45652638
18.64024781
-4.528946806
-0.318308054
29.85793634
7.632984405
-3.258919034
2.597735527
21.50502029
4.77355266
29.25229652
12.71309549
4.899594104
18.36039308
12.20892972
2.603076266
14.20636616
2.721640675
-0.348216193
6.569109165
4.778893399
4.51719718
25.94210639
11.02862636
11.36936552
24.99038667
-1.643879513
18.60499893
-4.776757103
10.5426191
9.756462294
7.015594958
6.801965392
16.46229438
26.78273873
11.34372997
13.33048494
11.13864559
26.56270028
15.80004273
17.90002136
-4.365520188
27.391583
23.55159154
29.34736167
10.9335612
1.357615894
25.72740867
19.61226234
7.718436232
24.37513352
28.18414869
22.82204657
26.02862636
21.60222175
-2.86690878
22.78145695
29.62294382
23.70967742
22.21320231
28.13180944
17.4140141
11.96111942
-1.888485366
16.85750908
1.804101688
22.59132664
-1.673787652
9.384746849
21.26361888
8.427686392
12.15124973
21.98675497
22.00598163
23.24716941
8.499252297
19.69664602
21.10019227
16.81798761
12.63939329
5.478530229
0.855586413
16.11301004
4.444563128
14.84405042
16.83935057
15.64409314
24.25763726
12.64793847
4.350566118
2.39906003
14.94018372
21.29139073
10.71138646
-1.643879513
-3.760948515
22.02307199
23.21192053
21.01901303
-4.977568896
28.59218116
15.04806665
19.97009186
12.50907926
14.93911557
9.111301004
4.89638966
12.06686605
26.16855373
11.95364238
3.057039094
-1.310617389
14.50544755
2.785729545
26.65776543
-1.270027772
9.463789789
4.849391156
3.117923521
10.99337748
23.94253365
4.006622517
23.67870113
17.78145695
25.4667806
21.88848537
23.32941679
21.98248238
4.295022431
3.444776757
17.52723777
23.79726554
12.61375774
1.249732963
8.663747063
8.201239051
-3.472548601
1.392864772
22.76650288
-3.265327921
-4.9262978
13.30912198
19.38474685
24.69985046
2.983336894
13.38068789
-4.856868191
27.3873104
1.390728477
14.67528306
23.92223884
21.4046144
13.2290109
27.64259774
29.14227729
4.699850459
22.51655629
9.116641743
11.11301004
-3.608203375
-0.737022004
19.48622089
-0.07904294
24.9775689
9.210638752
20.34714805
1.825464644
-3.975646229
20.11535997
22.51335185
14.62187567
17.95022431
13.81969665
16.6972869
29.95620594
-3.046357616
15.80111087
11.73039949
28.04849391
24.7297586
21.43131809
-2.345652638
22.79641102
20.01815851
25.66866054
18.52809229
22.73018586
7.628711814
-4.60585345
-2.710959197
0.782952361
20.99337748
26.11194189
22.5347148
18.35398419
-3.136082034
-2.769707327
4.535355693
1.619312113
13.24076052
17.65861995
5.349284341
15.57466353
14.12945952
-4.095278787
10.368511
8.767357402
2.211066012
11.43665883
26.14612262
14.19354839
18.04101688
-3.519547105
6.843623157
24.32279427
11.83294168
20.01602222
4.151890622
0.723136082
11.46763512
-1.85216834
8.015381329
6.259346294
27.77611621
17.61696219
13.01004059
10.31723991
-4.273659474
26.62144841
22.73018586
20.0491348
-2.415082247
9.707327494
2.000640889
18.0794702
16.65776543
-4.077120273
14.29288614
9.661397137
27.69707327
1.96539201
29.15402692
9.746848964
22.57530442
29.53428755
22.01452681
27.93099765
7.318948943
8.61568041
26.22302927
21.75176244
24.08780175
15.91647084
24.62401196
16.30527665
24.19995727
-4.851527451
5.549027985
10.64943388
-4.199957274
8.420209357
0.562913907
8.964964751
-2.740867336
0.406964324
8.785515915
6.934415723
9.891048921
-0.437940611
10.15915403
26.32343516
-3.89660329
18.0549028
7.500534074
28.21619312
6.553086947
14.67528306
19.66139714
7.890408032
22.41080966
22.41294595
0.666524247
-3.218329417
6.326639607
-0.067293313
27.16193121
29.52787866
23.19376202
-1.326639607
29.00982696
11.53172399
29.29395428
29.76073489
0.388805811
0.059816279
-4.067506943
12.49626148
1.236915189
29.2832728
1.150395215
28.60393078
11.37363811
27.28156377
10.59495834
3.966032899
-2.846613971
5.455030976
-3.834650716
22.08395642
7.996154668
18.31766717
8.514206366
5.937833796
-2.371288186
4.131595813
11.99316385
7.52723777
27.39692373
19.37726981
8.153172399
16.748558
21.46443068
-2.511215552
11.3779107
3.867763298
11.27750481
-0.130314035
17.74620808
17.30506302
4.112369152
19.61012604
20.72954497
0.919675283
28.06344798
25.9089938
4.802392651
27.55607776
13.29630421
9.66032899
5.570390942
18.03353984
26.94830164
18.16919462
27.50267037
27.32428968
-3.52702414
9.456312754
12.86156804
27.12134159
-1.187780389
4.148686178
2.94595172
21.52638325
5.207220679
15.39094211
20.1986755
20.06408887
19.01837214
24.77782525
22.30719932
4.759666738
21.38538774
9.745780816
16.88741722
10.48066652
-2.929929502
10.42191839
22.82845546
0.270241401
15.33112583
-3.626361888
1.897030549
4.889980773
8.167058321
11.24973296
6.716513565
-1.710104678
25.78402051
5.759453108
3.678701132
13.2290109
16.61503952
11.98141423
1.90664388
3.751335185
16.75176244
-0.550096133
16.86712241
28.76094852
6.119418928
-3.99487289
9.692373424
18.37961974
1.245460372
23.86455885
-4.146549883
12.34885708
26.96005127
13.88164922
9.238410596
27.15552232
11.88100833
18.48002564
10.24033326
21.11514634
20.02136296
11.20487075
18.97137364
24.15402692
23.36039308
13.38602863
2.156590472
26.46015809
12.72484512
10.85665456
4.838709677
7.765434736
1.828669088
16.22196112
20.46357616
16.46549883
21.81051057
19.62294382
20.44755394
15.27771844
11.10553301
8.483230079
21.82760094
-2.32001709
13.01217689
9.191412091
19.07177953
21.84469131
25.78508866
16.2059389
8.665883358
1.263618885
22.59773553
6.524246956
2.544328135
18.82503739
11.22302927
10.0245674
13.97885067
23.51634266
20.78402051
13.60072634
17.01452681
26.5007477
25.38880581
19.6069216
3.038880581
5.780816065
7.034821619
1.540269173
-4.412518693
6.160008545
27.59453108
7.462080752
6.972869045
28.72463149
22.23029267
14.10061953
7.835932493
21.57017731
24.10489212
27.12454604
-1.792352062
20.98376415
7.699209571
-4.458449049
6.184575945
19.80773339
25.61311686
0.708182012
-2.204657125
-2.804956206
1.151463363
7.883999145
14.17325358
1.483657338
26.5990173
25.85024567
29.61119419
20.40269173
4.459517197
-2.485580004
21.59581286
20.32898953
6.560563982
22.00704978
26.42811365
28.82503739
13.33155309
21.19846187
6.505020295
12.15445418
23.11578722
11.15039521
2.869045076
17.01559496
-1.146122623
21.43559069
14.11023286
13.19803461
11.98568682
17.81456954
5.22644734
11.38859218
15.9089938
26.21875668
12.52723777
-2.162999359
28.84853664
8.536637471
13.16599017
15.11749626
18.46720786
3.144627216
15.42298654
0.677205725
23.07199316
10.66652425
3.295236061
27.41935484
11.75496689
-2.079683828
16.5253151
-1.983550523
18.31659902
25.54475539
-0.380260628
-2.803888058
16.30207221
-2.773979919
16.00726341
3.688314463
0.018158513
16.06280709
5.8619953
26.07882931
18.85174108
5.961333048
-1.247596667
29.27472762
-0.258491775
3.600726341
29.66139714
15.80965606
15.15915403
23.87524033
4.490493484
13.6936552
26.41315958
29.33240761
23.64986114
20.03631703
4.658192694
26.54881436
9.806665242
2.16727195
19.42213202
14.90920743
23.40311899
5.456099124
7.005981628
20.77867977
7.030549028
14.56312754
-1.39393292
12.51762444
27.25806452
2.343516343
-4.504379406
-0.68468276
-0.002136296
23.1040376
26.10553301
4.31531724
3.01965392
14.45417646
27.35740226
4.989318522
21.68767357
4.458449049
15.08972442
21.24118778
21.53172399
3.303781243
10.91647084
24.20316172
-1.268959624
-3.787652211
15.36744285
21.19205298
27.12454604
16.81691946
19.64644307
24.8013245
22.80388806
17.70134587
-4.135868404
16.58726768
14.94018372
7.355265969
-1.921597949
-1.675923948
13.87844478
-4.77355266
-1.017944884
-3.698995941
20.13565477
4.121982482
14.60158086
6.620380261
0.372783593
6.649220252
1.824396496
26.97286905
23.95107883
9.939115574
11.12369152
22.84981841
1.151463363
5.351420637
9.303567614
8.682973724
21.66310617
7.395855586
29.62187567
21.84789575
-0.58107242
3.575090793
29.12518693
-4.977568896
7.404400769
4.37940611
5.552232429
4.875026704
8.480025636
15.14099551
-1.365092929
27.52082888
15.87160863
13.97778253
3.149967956
28.74385815
19.37299722
2.534714805
13.56013672
9.448835719
10.888699
3.754539628
17.59453108
29.30143132
5.384533219
3.375347148
18.60499893
4.017303995
5.864131596
24.40397351
9.050416578
-0.687887204
18.44050417
16.25080111
9.938047426
11.9205298
-3.885921812
27.77504807
28.59004486
-4.298226875
27.35526597
-4.066438795
14.54496902
-1.722922452
18.05703909
4.276863918
15.98055971
11.17389447
22.98333689
27.9790643
21.45802179
28.94039735
20.29160436
19.6560564
4.359111301
25.21042512
5.220038453
17.67250587
4.861140782
26.17389447
1.545609912
11.14505448
-3.231147191
24.43815424
26.89489425
13.38709677
4.076052126
18.7203589
-4.499038667
7.994018372
4.58128605
27.38090152
14.52681051
9.29074984
15.41230506
11.22516556
7.491988891
6.371501816
2.788933988
8.57615894
-4.032258065
-2.565691092
10.89510788
-1.945097201
8.076265755
23.64345225
12.16940825
2.073274941
-0.087588122
24.22132023
13.88164922
16.47404401
18.48963897
17.01773125
28.33368938
-0.695364238
12.28049562
6.240119633
21.5274514
29.20316172
7.967314676
16.58513138
7.639393292
26.32984405
24.48515275
5.488143559
19.15509507
21.35654775
22.94488357
17.7088229
14.99038667
15.45396283
-1.438795129
18.95748772
16.47404401
-3.250373852
23.128605
17.8092288
8.494979705
-3.765221107
29.1892758
17.59666738
0.693227943
13.58256783
19.44883572
22.51442
-3.983123264
10.84383679
2.567827387
24.65498825
16.49967956
14.49583422
23.88378552
21.18671224
3.592181158
-1.188848537
12.18863491
23.3967101
22.91070284
11.00833155
21.15359966
1.823328349
-4.283272805
1.15787225
26.46443068
9.188207648
17.00811792
27.32322153
-2.697073275
5.341807306
27.52296518
18.87951292
-1.759239479
10.96560564
4.543900876
13.51100192
25.14526811
9.220252083
-1.186712241
15.82354198
-3.809015168
12.07434309
27.41828669
8.070925016
21.58619953
25.53300577
24.98611408
-4.064302499
8.06878872
15.48066652
3.03460799
24.86327708
16.8222602
28.35291604
24.82375561
14.88143559
10.84704123
8.365733818
5.535142064
14.41572314
25.42298654
25.52232429
-4.838709677
21.03503525
27.7355266
1.090578936
8.899807733
4.610126041
9.268318735
29.81521043
27.43430891
15.86092715
-2.942747276
0.530869472
1.929074984
0.741294595
2.381969665
-0.54689169
-3.912625507
8.653065584
13.02072207
22.79854732
20.10467849
29.94552446
12.62764367
28.01965392
3.878444777
10.66011536
28.3518479
5.323648793
24.3099765
15.01495407
15.27878658
13.72463149
9.035462508
-1.425977355
-1.200598163
3.327280496
11.44413587
2.579577013
3.47788934
-1.930143132
-0.691091647
22.4140141
14.53856014
5.656910916
6.897030549
10.66438795
25.55116428
18.8677633
12.882931
2.757957701
-1.588335826
0.002136296
8.91155736
20.62379833
-0.789361248
2.643665883
6.172826319
22.37449263
21.08203375
7.484511856
24.80452895
8.450117496
2.631916257
11.41850032
23.49070711
27.2153386
8.036744285
16.6235847
24.08032472
15.45930357
27.40119633
3.856013672
3.586840419
21.78487503
28.47682119
26.6727195
18.40525529
13.34330271
-1.666310617
20.79363384
28.07519761
23.88805811
11.07562487
25.33860286
23.47041231
18.61247597
25.18585772
25.14206366
-3.28562273
23.75026704
6.618243965
5.869472335
7.712027345
1.396069216
11.21234779
26.16534928
24.58876308
17.51762444
17.51548814
23.5216834
2.928861354
8.631702628
18.63490707
-1.870326853
21.13864559
10.11963256
24.1850032
11.39286477
26.75389874
11.62251656
25.94744713
13.33796197
26.08737449
22.52510147
-1.684469131
20.64622944
27.00918607
2.965178381
22.13095492
29.52040162
7.232428968
-1.646015809
8.005767998
10.09186071
22.94381542
27.86904508
17.71736808
-3.379619739
-4.888912626
29.88464003
29.77355266
25.16022217
23.33368938
9.828028199
7.743003632
2.949156163
29.54710532
28.40952788
27.44285409
-3.770561846
1.462294382
0.690023499
26.57231361
5.703909421
23.06024354
28.99594104
17.90429395
-3.641315958
-3.020722068
15.08438368
14.59837642
20.87908567
-3.829309977
9.599444563
18.75774407
13.35825678
29.6293527
9.228797266
21.81264687
2.534714805
19.56205939
29.56419568
17.81670583
6.265755181
-0.149540696
4.118778039
13.25998718
6.460158086
3.118991668
22.48664815
-0.503097629
1.186712241
-3.727835932
3.081606494
11.35975219
8.189489425
-3.145695364
13.47041231
28.08374279
16.50395215
-4.948728904
18.71395001
15.10467849
5.413373211
23.69685965
25.7412946
2.85729545
27.46848964
1.114078188
-0.817133091
11.13544115
19.7521897
4.157231361
26.6481521
-4.880367443
5.166631062
1.260414441
3.920102542
6.68980987
-2.095706046
17.87972655
18.02926725
12.0679342
29.86114078
9.140140996
-1.327707755
14.43067721
-2.815637684
27.04870754
25.96133305
27.5614185
23.70113224
27.11066012
4.939115574
24.1380047
25.41550951
6.690878018
24.8792993
-0.242469558
12.81563768
29.97009186
8.778038881
-3.711813715
25.20828883
26.83828242
6.072420423
15.62913907
8.776970733
5.558641316
13.99166845
17.50373852
2.619098483
6.570177313
15.55864132
2.340311899
-0.557573168
17.2420423
29.68382824
22.87224952
20.17303995
14.94018372
21.32557146
20.51698355
14.16577654
8.263191626
27.19504379
-4.84725486
19.262978
-1.243324076
29.95513779
19.37940611
18.39030122
12.98013245
6.407818842
10.84490493
-3.065584277
22.25806452
-2.385174108
-1.244392224
22.61162145
4.96047853
-3.564409314
28.14035463
12.03375347
3.654133732
25.44114505
17.97051912
20.71779534
11.97286905
25.67827387
11.74321726
20.73274941
-1.453749199
-0.734885708
16.59794916
2.706686605
7.835932493
26.25293741
9.575945311
-3.564409314
15.21576586
3.755607776
7.110660115
6.773125401
1.148258919
22.8070925
6.348002564
19.05789361
26.79555651
5.900448622
9.382610553
0.772270882
5.900448622
10.70070498
9.008758812
18.67015595
5.310831019
-2.11813715
7.079683828
13.06451613
-1.052125614
13.56547746
14.06857509
13.53450117
12.60093997
4.32493057
-4.080324717
22.72591327
4.369792779
5.233924375
-3.202307199
2.50267037
-1.892757958
23.9147618
18.81008332
29.140141
24.70091861
11.05639821
27.30826746
1.793420209
3.543046358
10.39414655
12.85943175
20.96133305
29.03332621
3.57615894
23.48857082
16.14505448
4.440290536
-2.063661611
28.26319163
19.45631275
-2.000640889
12.59559923
15.84383679
14.34522538
18.55906858
20.89190344
14.06750694
21.21875668
25.63020722
29.60158086
14.18286691
14.12732322
26.19098483
2.902157659
10.80538347
15.25955992
23.07840205
21.57979064
1.201666311
-3.545182653
17.31681265
0.404828028
15.00427259
4.46806238
4.227729118
19.19888913
17.92458876
-0.828882717
25.65904721
-4.499038667
5.58107242
-3.543046358
8.179876095
-0.63554796
26.03183081
5.022431104
9.593035676
8.199102756
27.09570605
-1.225165563
8.595385601
17.15872677
2.061525315
9.067506943
-0.058748131
3.038880581
14.89104892
18.49497971
19.94018372
27.1437727
18.48002564
20.44969024
24.64644307
10.08972442
27.10638752
-3.819696646
15.57786798
24.04400769
-3.368938261
-1.44840846
20.30442213
5.314035463
8.563341166
24.22879727
7.756889554
12.81243324
6.565904721
3.520615253
10.59282205
5.322580645
-3.476821192
9.578081606
9.46806238
18.05917539
28.73317667
1.174962615
26.55842769
26.48792993
-1.669515061
5.803247169
18.16812647
27.8583636
17.55821406
22.27622303
13.78231147
13.44477676
-4.078188421
24.58128605
21.38966033
11.93441572
21.8959624
11.18457595
6.432386242
16.96111942
7.207861568
26.5253151
24.22238838
14.22238838
12.34672079
28.88698996
8.170262764
26.1813715
29.34522538
21.4046144
28.66588336
4.794915616
10.46357616
5.39414655
-0.046998505
15.25208289
3.860286264
-2.265541551
-0.140995514
16.18030335
29.82268746
21.52851955
4.695577868
29.3121128
13.67549669
-3.26105533
29.19354839
4.037598804
3.967101047
0.061952574
-1.184575945
29.86754967
11.98461867
15.69109165
29.2832728
27.21961119
16.24439222
-3.741721854
20.65370647
24.53962828
28.01858577
20.62593463
10.82461013
12.20465712
26.49433882
2.764366588
20.7615894
26.1813715
9.680623798
-1.565904721
-3.668019654
11.90771203
4.625080111
3.891262551
14.07391583
16.37577441
3.062379833
13.3272805
25.73595386
13.86135441
16.06921598
-0.730613117
8.948942534
18.30591754
3.827173681
22.67143773
8.863490707
-2.224951933
14.09741508
-3.128604999
28.09121982
-0.996581927
5.471053194
12.20679342
19.8034608
-2.531510361
4.026917325
10.4176458
11.33518479
20.96987823
-0.539414655
-4.360179449
18.12112796
27.18329417
19.29181799
26.15039521
20.32364879
13.16599017
-2.754753258
18.60393078
11.98034608
12.26020081
14.39115574
8.988464003
10.04272591
1.390728477
4.143345439
26.99743645
-1.888485366
4.203161718
24.71373638
18.05597095
7.247383038
28.02606281
15.10361034
19.7051912
28.67442854
15.11322367
-1.760307627
11.58085879
-4.255500961
6.153599658
-2.658619953
-4.317453536
19.98290963
-3.507797479
-0.8865627
6.176030763
-1.430249947
-1.945097201
-0.145268105
10.42405469
3.113650929
-2.569963683
13.09121982
-4.511856441
7.028412732
8.081606494
4.804528947
26.80089724
11.39179662
12.16299936
19.86861782
13.2290109
1.608630634
24.8995941
10.77867977
15.27344584
24.73296304
7.005981628
17.27408673
25.57359539
29.78102969
-1.886349071
-2.06900235
23.48963897
5.887630848
21.66524247
-2.65007477
2.938474685
25.66011536
29.2608417
19.99252297
5.238196966
28.53984191
29.91241188
14.29929502
-3.861354411
1.554155095
7.180089724
3.153172399
3.801538133
7.283700064
14.65498825
29.30677206
6.909848323
16.37897885
17.76436659
21.83294168
24.65712455
9.491561632
12.36167486
22.24097415
2.809228797
25.95065157
23.07519761
1.306344798
17.57744072
29.03118992
21.87459944
20.23071993
6.501815851
0.153813288
-0.159154027
2.226020081
3.089083529
26.87673574
22.59132664
8.109378338
14.40076907
26.98889126
12.33283486
2.002777184
28.31766717
28.59218116
-2.976928007
0.741294595
24.70625935
18.48109378
9.600512711
13.06878872
22.19611194
-1.319162572
27.73445845
-2.777184362
-0.202948088
-1.517838069
12.10425123
13.01217689
5.060884426
16.82119205
13.63811151
26.95471053
8.018585772
27.33710746
22.70241401
1.594744713
22.6126896
20.96774194
20.69536424
7.588122196
19.8280282
8.418073061
12.02948088
9.632557146
14.25763726
27.33497116
6.960051271
9.856868191
23.31980346
6.555223243
13.23541978
24.75859859
0.823541978
22.25165563
7.024140141
19.27045503
4.136936552
28.3230079
11.11407819
9.064302499
-3.353984191
15.888699
5.818201239
-0.314035463
-0.258491775
-0.794701987
10.5917539
8.603930784
-3.961760308
12.87118137
26.79662465
13.7694937
18.06665242
7.646870327
4.603717154
4.789574877
-0.873744926
4.752189703
14.49690237
15.30335398
-4.452040162
10.9624012
16.33838923
-2.356334117
7.066866054
19.37086093
1.477248451
13.3988464
4.524674215
18.13608203
5.859859004
5.944242683
21.63533433
17.08288827
-0.382396924
13.56440931
10.01174963
14.48301645
26.10019227
19.23093356
14.19141209
18.86669515
0.809656056
15.65584277
15.8619953
13.20123905
-1.766716514
6.693014313
4.020508438
11.30207221
17.01025422
-1.299935911
5.283059175
23.78231147
16.42384106
17.93420209
1.045716727
13.42768639
19.67955565
-2.403332621
25.74877163
7.303994873
26.94189276
25.60563982
22.92138432
25.46998505
23.58684042
26.69087802
-1.731467635
28.60713523
1.662038026
-0.083315531
11.48899808
-0.551164281
-0.004272591
25.21790216
21.04785302
10.32364879
10.93997009
5.028839991
-1.368297372
6.65990173
4.220252083
-0.364238411
12.50694296
-1.189916684
20.84704123
2.307199316
-3.522751549
7.027344584
27.5635548
12.82097842
23.69151891
-3.067720573
9.801324503
25.46784875
-3.008972442
25.33539842
28.61781671
20.13885922
-4.958342235
28.73210852
19.55992309
